A5 5A 03 80 01 00
A5 5A 5D 82 10 00 0A 72 00 00 00 03 00 63 00 01 00 1F 00 1D 00 01 0D 0F 00 01 00 01 00 01 0D 10 0D 0F 0D 0F 0D 0F 0D 0F 0D 0F 0D 10 0D 0F 00 00 00 00 00 00 00 00 00 00 00 00 00 00 00 00 00 00 00 00 00 00 00 00 00 00 00 00 00 00 00 00 00 00 00 00 00 00 00 00 00 00 00 00 00 00 00 00 00 00
A5 5A 05 82 20 03 F8 00
A5 5A 05 82 20 13 07 E0
A5 5A 05 82 20 23 07 E0
A5 5A 05 82 20 33 07 E0
A5 5A 05 82 20 43 00 1F
A5 5A 05 82 20 53 07 E0
A5 5A 05 82 20 63 07 E0
A5 5A 05 82 20 73 07 E0
A5 5A 05 82 20 83 00 00
A5 5A 05 82 20 93 00 00
A5 5A 05 82 20 A3 00 00
A5 5A 05 82 20 B3 00 00
A5 5A 05 82 20 C3 00 00
A5 5A 05 82 20 D3 00 00
A5 5A 05 82 20 E3 00 00
A5 5A 05 82 20 F3 00 00
A5 5A 05 82 21 03 00 00
A5 5A 05 82 21 13 00 00
A5 5A 05 82 21 23 00 00
A5 5A 05 82 21 33 00 00
A5 5A 05 82 21 43 00 00
A5 5A 05 82 21 53 00 00
A5 5A 05 82 21 63 00 00
A5 5A 05 82 21 73 00 00
A5 5A 05 82 21 83 00 00
A5 5A 2B 82 13 00 00 05 0A D7 00 00 00 00 00 00 00 00 00 00 0D 10 0D 10 0D 0F 00 08 00 00 00 34 00 1D 00 01 00 1F 00 01 00 01 00 01 00 01

# See https://github.com/syssi/esphome-jk-bms/issues/118
